0.0,6.045164762739958,1.0
-0.0,-6.023984112413521,-1.0
1.1898672046709486,6.02209597180597,1.0
-1.2757379376775406,-5.662717196119996,-1.0
2.6585873339530455,6.369339732067036,1.0
-2.1725199158305375,-5.7406218821401,-1.0
3.475288759687127,5.269241586686994,1.0
-3.4045952057407525,-5.657587629765297,-1.0
4.2956053247074415,4.84495594321309,1.0
-4.540578889083362,-4.23813535308297,-1.0
5.431831690009433,3.807824601933533,1.0
-4.983094155742979,-3.8365977104677484,-1.0
6.123944926059704,2.062707933871594,1.0
-5.1067139292944015,-2.2073675004273703,-1.0
5.2096132030691855,1.1793349975550957,1.0
-5.313874208967595,-1.1849880851390295,-1.0
6.221922887343135,1.618235542542134e-07,1.0
-6.148790892184934,-1.7667081050821527e-07,-1.0
6.214211126767759,-1.02800507319557,1.0
-6.208483827990176,1.2815495970210549,-1.0
5.391388321829973,-1.976227916091538,1.0
-5.347268350704581,2.2121971756042407,-1.0
5.255835681843713,-2.9708615804289726,1.0
-4.391558394008554,3.557762892821253,-1.0
4.061141340030523,-4.543428234758293,1.0
-4.5246560922278825,4.29050269798048,-1.0
2.9682813168529454,-4.443794366377165,1.0
-3.0205106677059352,4.203091359281877,-1.0
1.988802791056437,-5.8331045799165855,1.0
-2.163893948575908,5.53609626356421,-1.0
1.0747195652205312,-5.51611329269099,1.0
-1.2003762953390207,5.130167605282283,-1.0
3.241155960482009e-07,-5.418650007079343,1.0
-3.2219297402075897e-07,5.175559176015568,-1.0
-1.0406843620428174,-4.722668389627254,1.0
1.0177351214843253,5.400915970686253,-1.0
-2.2829832934422556,-5.33645071873648,1.0
1.9315842312310498,5.114388017945546,-1.0
-3.042699578409881,-4.969095609030092,1.0
3.208735098556198,4.09435160464635,-1.0
-3.854952161970451,-3.923525232492481,1.0
3.338463670409932,3.8214531335924558,-1.0
-4.650641101821205,-2.746339210568266,1.0
4.153612073724008,3.1360350367424505,-1.0
-4.58830962724399,-1.8728311408149902,1.0
4.865295411066504,2.038232423090536,-1.0
-4.890895032311367,-1.0485257393312217,1.0
4.656297909135932,0.879828484028752,-1.0
-4.920340433815394,-3.633790748614756e-07,1.0
4.564039894574314,3.8252056254741943e-07,-1.0
-5.411883963011023,1.0396426162970647,1.0
4.405059931297222,-0.9988641980890864,-1.0
-4.608858405474742,1.824284018281168,1.0
4.601157185549098,-2.057847390146343,-1.0
-4.102792264491767,2.412235986404131,1.0
3.8406352306101166,-2.9959257532519192,-1.0
-2.9815010056221474,3.2697152090925394,1.0
3.1122585083096066,-3.0402752110861617,-1.0
-2.654117343591914,4.157161701087847,1.0
2.690858093723439,-3.419795295665376,-1.0
-1.5914780501621517,3.835520394507161,1.0
1.962934428857153,-4.121645262375343,-1.0
-0.9147409767279611,4.11235456567027,1.0
0.9132642598339554,-3.9464906979008743,-1.0
-5.2259649153626e-07,4.099075421809797,1.0
5.126505413563403e-07,-4.712162898741093,-1.0
0.9480122307207183,4.331661453320024,1.0
-0.8187204786892722,-4.401433165840306,-1.0
1.6706874015088031,3.9919592115273095,1.0
-1.865153627053535,-4.468135220771908,-1.0
2.6449511814872633,3.9905864475637225,1.0
-2.6780965699406094,-3.945463714682596,-1.0
2.823285696225184,2.6538092959814006,1.0
-2.8218619873794353,-2.7481941010313182,-1.0
3.631806756854484,2.4192005810057156,1.0
-3.638917747340726,-2.3894077916890493,-1.0
4.240579011273073,1.6197577920511708,1.0
-3.5845786415632714,-1.590012063699234,-1.0
4.362396233086561,0.6970513505041889,1.0
-4.138945063241508,-0.851260177036408,-1.0
4.221171475813963,6.005716164869064e-07,1.0
-4.0185883950816335,-5.11832351503081e-07,-1.0
4.2399307452291755,-0.75227837669123,1.0
-4.133802795917716,0.8333536549611572,-1.0
3.9181653031998716,-1.570334118603533,1.0
-3.7772821641338017,1.3789304323926717,-1.0
3.559926425274906,-2.056808929876734,1.0
-2.868389075653209,2.156081839633185,-1.0
2.4113368628464706,-2.6003089938026815,1.0
-2.8046655346222966,2.472812960319966,-1.0
1.9474686007769078,-3.32218666531722,1.0
-1.8337270173575344,2.8485769094875613,-1.0
1.2218818363072907,-3.2695716767470233,1.0
-1.2961770073120127,3.343990593264315,-1.0
0.6759874102997772,-3.5136204360488184,1.0
-0.7089835205578272,3.8879248496079457,-1.0
5.046885094290422e-07,-3.839581248218251,1.0
-6.096297665498539e-07,3.5338864722188226,-1.0
-0.6541728998145039,-3.719820591734692,1.0
0.6911894590480872,3.5577901291765266,-1.0
-1.2080642193806308,-3.498605614179827,1.0
1.1919643245969385,3.047560584481398,-1.0
-1.8793136916039543,-3.092391797573743,1.0
1.6775305060110381,2.7002827113405754,-1.0
-2.1935871955543855,-2.128402775464621,1.0
2.571387554056096,2.3619498016210714,-1.0
-2.6451581157044544,-1.8192461465194125,1.0
2.574347798610621,1.8527983954350187,-1.0
-2.5493672461421415,-1.196785845396069,1.0
2.8537266401018426,1.1872597997873107,-1.0
-2.9228521767684024,-0.6098864313226047,1.0
2.756369909214551,0.5958247097188505,-1.0
-3.3017927085425436,-5.469732887078047e-07,1.0
2.9036726006744957,5.032399178028883e-07,-1.0
-2.7497453773099423,0.5560443975408452,1.0
2.9949010299746175,-0.5793734944221954,-1.0
-2.5834855512095096,1.122323229413518,1.0
2.4851493769743773,-1.1451924130128266,-1.0
-2.477163106912458,1.5492119745632396,1.0
2.290742516742039,-1.6874596897765604,-1.0
-2.0812119262633195,1.8338525683887803,1.0
1.878497151974665,-1.8942588482015772,-1.0
-1.6347194009024926,2.1707740268190565,1.0
1.4631860162886277,-2.324912762397288,-1.0
-0.9674642904369614,2.503849707784022,1.0
1.0255195577659402,-2.4111371766215006,-1.0
-0.44410432718903764,2.60672483358762,1.0
0.560316868098791,-2.2429791110189314,-1.0
-5.554209528172906e-07,2.5570732611206486,1.0
5.676569192377372e-07,-2.2382887666095823,-1.0
0.49493465653369945,2.2569568529220576,1.0
-0.5216070845140468,-2.3193180008563,-1.0
1.0111201046127098,2.1727005973026814,1.0
-0.8534270016189592,-2.189657686984468,-1.0
1.124938436637813,2.010066733113016,1.0
-1.375627968384589,-2.0421052576199457,-1.0
1.7068461181214658,1.3955659433419618,1.0
-1.65268960279016,-1.4315657714046286,-1.0
1.742180716020251,1.2565592229133629,1.0
-2.0437233388595852,-1.337411357816091,-1.0
2.074347851403751,0.8053893654113183,1.0
-1.8145579551645583,-0.8301772280550667,-1.0
1.8318597473365799,0.3925351531627945,1.0
-2.0884120624446516,-0.37480050255056874,-1.0
1.8636902687775114,4.3243243685471454e-07,1.0
-1.763826213113155,-4.867781408603944e-07,-1.0
1.7381425245370263,-0.3606677466625187,1.0
-2.1058289159237695,0.3873541389965143,-1.0
1.8008939810909972,-0.7176834141716528,1.0
-1.66109816749842,0.7603038747639562,-1.0
1.480978111749616,-0.8961028629674888,1.0
-1.3940823507924216,1.1254403185105375,-1.0
1.230004182998763,-1.3858486119088844,1.0
-1.1598328639236677,1.307987659326881,-1.0
0.8272430006108568,-1.4881145076827853,1.0
-1.0485792735011994,1.5657533027018555,-1.0
0.5635065002736334,-1.5967774196955578,1.0
-0.6918846001165218,1.3791165982322817,-1.0
0.26935907755050814,-1.422387504895786,1.0
-0.275304104331372,1.5667986928257274,-1.0
4.3970730253152034e-07,-1.5812026906567298,1.0
-4.157863395225962e-07,1.456868295315701,-1.0
-0.24845851599684507,-1.3794924238970854,1.0
0.28191241972284314,1.5755083300027095,-1.0
-0.5712903857821634,-1.2866101865718116,1.0
0.49620096063941743,1.3273847481106233,-1.0
-0.8069407837233116,-1.1686126077634562,1.0
0.7638900860196833,1.1697560651001564,-1.0
-0.8754297104951053,-0.848442013876392,1.0
0.9467209892598129,0.9415658513478815,-1.0
-0.9973538188798338,-0.6681407123372767,1.0
0.9920668629299352,0.7202078846058999,-1.0
-1.0482890836427083,-0.47706225864185353,1.0
0.9622532265548809,0.41269007480874975,-1.0
-0.922156573976626,-0.20350145053854204,1.0
1.0277770204085144,0.19724211203858338,-1.0
-1.0768695215170272,-2.7311370112414043e-07,1.0
0.9478319670323097,2.913775641474674e-07,-1.0
-0.8820924176941968,0.17283926457298074,1.0
0.9941587653160391,-0.18195754775354211,-1.0
-0.7931633926029799,0.37260531139349334,1.0
0.8104222621099615,-0.352040006104507,-1.0
-0.7155704958941543,0.5019891784567436,1.0
0.6212632482772436,-0.46109439874096975,-1.0
-0.5752750996106404,0.5940152316517822,1.0
0.5858395154541487,-0.47763041491108127,-1.0
-0.40285550839711953,0.6227594459247022,1.0
0.37961587027800653,-0.5230464815153035,-1.0
-0.2306403300635057,0.5612679563485483,1.0
0.2186723581492068,-0.5133109116714004,-1.0
-0.10345080143317958,0.54948353897171,1.0
0.10959610959590116,-0.5722304633444157,-1.0
-1.5527551947086905e-07,0.5112893076526692,1.0
1.4826648495779984e-07,-0.4505914019169082,-1.0
